_viz_0 = nengo_gui.components.HTMLView(plot)
_viz_config[_viz_0].x = 0.020471882376237018
_viz_config[_viz_0].y = -0.3672064611887259
_viz_config[_viz_0].width = 0.8142122014573147
_viz_config[_viz_0].height = 0.38384941386830485
_viz_config[_viz_0].label_visible = True
_viz_1 = nengo_gui.components.Slider(stimulus.stimulus)
_viz_config[_viz_1].max_value = 1
_viz_config[_viz_1].min_value = -1
_viz_config[_viz_1].x = -0.5807442800368561
_viz_config[_viz_1].y = 0.37937660067473344
_viz_config[_viz_1].width = 0.22261946332394847
_viz_config[_viz_1].height = 0.29688066813343783
_viz_config[_viz_1].label_visible = True
_viz_3 = nengo_gui.components.SpikeGrid(ens)
_viz_config[_viz_3].x = 0.37604504179324116
_viz_config[_viz_3].y = 0.34852595111512336
_viz_config[_viz_3].width = 0.20146559157878127
_viz_config[_viz_3].height = 0.29688066813343783
_viz_config[_viz_3].label_visible = True
_viz_ace_editor = nengo_gui.components.AceEditor()
_viz_net_graph = nengo_gui.components.NetGraph()
_viz_sim_control = nengo_gui.components.SimControl()
_viz_config[_viz_sim_control].shown_time = 0.5
_viz_config[_viz_sim_control].kept_time = 4.0
_viz_config[ens].pos=(0.3559659748545254, 0.7933996377641256)
_viz_config[ens].size=(0.07936507936507937, 0.1)
_viz_config[model].pos=(0.9666567901476959, 0.7755601251280263)
_viz_config[model].size=(0.5080477740183328, 0.5080477740183328)
_viz_config[model].expanded=True
_viz_config[model].has_layout=True
_viz_config[plot].pos=(0.6959765366494075, 0.7933996377641258)
_viz_config[plot].size=(0.0634920634920635, 0.08)
_viz_config[stimulus].pos=(-0.035547071332217656, 0.8093749707951541)
_viz_config[stimulus].size=(0.11746511827617294, 0.1450495506803186)
_viz_config[stimulus].expanded=True
_viz_config[stimulus].has_layout=True
_viz_config[stimulus.output].pos=(0.8673469387755103, 0.5)
_viz_config[stimulus.output].size=(0.0816326530612245, 0.2222222222222222)
_viz_config[stimulus.project].pos=(0.5, 0.5)
_viz_config[stimulus.project].size=(0.0816326530612245, 0.2222222222222222)
_viz_config[stimulus.stimulus].pos=(0.1326530612244898, 0.5)
_viz_config[stimulus.stimulus].size=(0.0816326530612245, 0.2222222222222222)