_viz_1 = nengo_gui.components.Slider(speed)
_viz_config[_viz_1].max_value = 0.5
_viz_config[_viz_1].min_value = -0.5
_viz_config[_viz_1].x = 0.13147378147378158
_viz_config[_viz_1].y = 0.8495314021421605
_viz_config[_viz_1].width = 0.09384384384384391
_viz_config[_viz_1].height = 0.11898099459134623
_viz_config[_viz_1].label_visible = True
_viz_2 = nengo_gui.components.HTMLView(plot)
_viz_config[_viz_2].x = 0.46792561792561815
_viz_config[_viz_2].y = 1.2171366845180127
_viz_config[_viz_2].width = 0.434679685913407
_viz_config[_viz_2].height = 0.21782813439002424
_viz_config[_viz_2].label_visible = True
_viz_ace_editor = nengo_gui.components.AceEditor()
_viz_net_graph = nengo_gui.components.NetGraph()
_viz_sim_control = nengo_gui.components.SimControl()
_viz_config[_viz_sim_control].shown_time = 0.5
_viz_config[_viz_sim_control].kept_time = 4.0
_viz_config[ens].pos=(0.7673509806291398, 0.864574154472492)
_viz_config[ens].size=(0.08320401746692285, 0.13320643181002553)
_viz_config[model].pos=(0.06383843003754988, -0.36068930475619215)
_viz_config[model].size=(0.9188361408882075, 0.9188361408882075)
_viz_config[model].expanded=True
_viz_config[model].has_layout=True
_viz_config[plot].pos=(0.785405750237983, 0.48723157839372977)
_viz_config[plot].size=(0.1236936590064727, 0.1106966406157555)
_viz_config[speed].pos=(0.4051905570985476, 0.8633934035914467)
_viz_config[speed].size=(0.10058450862990843, 0.07999711770859105)